1	Roman	188844	2171	2171	13.518267718986909
2	Constantinople	188844	3330	1159	7.216799763383614
3	Italy	188844	4325	995	6.195613256744346
4	Constantine	188844	5310	985	6.1333457868273165
5	Christian	188844	6146	836	5.20556048506359
6	Julian	188844	6968	822	5.118386027179751
7	Greek	188844	7787	819	5.099705786204642
8	Christians	188844	8579	792	4.9315836174286645
9	Hist	188844	9259	680	4.234187954357944
10	Justinian	188844	9848	589	3.6675539781129842
11	Latin	188844	10397	549	3.41848409844487
12	Goths	188844	10930	533	3.318856146577624
13	Egypt	188844	11410	480	2.9888385560173725
14	Asia	188844	11887	477	2.970158315042264
15	Persian	188844	12361	474	2.9514780740671553
16	Europe	188844	12832	471	2.932797833092047
17	Gothic	188844	13302	470	2.926571086100344
18	Mahomet	188844	13770	468	2.914117592116938
19	Gaul	188844	14222	452	2.8144896402496924
20	Theodosius	188844	14671	449	2.795809399274584
21	Africa	188844	15079	408	2.540512772614767
22	French	188844	15452	373	2.3225766279051667
23	Franks	188844	15821	369	2.297669639938355
24	Augustus	188844	16183	362	2.254082410996435
25	Danube	188844	16544	361	2.2478556640047325
26	Christ	188844	16904	360	2.2416289170130295
27	France	188844	17262	358	2.229175423029624
28	Constantius	188844	17619	357	2.222948676037921
29	Zosimus	188844	17962	343	2.1357742181540806
30	Persia	188844	18299	337	2.0984137362038635
31	Turks	188844	18625	326	2.0299195192951323
32	Germany	188844	18948	323	2.0112392783200237
33	Procopius	188844	19270	322	2.0050125313283207
34	Byzantine	188844	19591	321	1.998785784336618
35	Turkish	188844	19912	321	1.998785784336618
36	Huns	188844	20232	320	1.9925590373449151
37	Gregory	188844	20549	317	1.9738787963698066
38	Tillemont	188844	20860	311	1.9365183144195894
39	Gibbon	188844	21167	307	1.9116113264527779
40	John	188844	21467	300	1.868024097510858
41	Syria	188844	21761	294	1.8306636155606408
42	Jerusalem	188844	22043	282	1.7559426516602064
43	Latins	188844	22322	279	1.7372624106850978
44	Muratori	188844	22601	279	1.7372624106850978
45	Arabs	188844	22875	274	1.7061286757265834
46	Spain	188844	23147	272	1.6936751817431779
47	Saracens	188844	23412	265	1.6500879528012578
48	Ammianus	188844	23674	262	1.6314077118261492
49	Jews	188844	23934	260	1.6189542178427434
50	Belisarius	188844	24186	252	1.5691402419091207
51	Alexandria	188844	24430	244	1.5193262659754978
52	Diocletian	188844	24672	242	1.506872771992092
53	Alexander	188844	24901	229	1.4259250610999548
54	Valentinian	188844	25125	224	1.3947913261414406
55	Greece	188844	25349	224	1.3947913261414406
56	Hist_August	188844	25569	220	1.369884338174629
57	Eccles	188844	25789	220	1.369884338174629
58	Attila	188844	26007	218	1.3574308441912235
59	Annal	188844	26223	216	1.3449773502078177
60	Italian	188844	26438	215	1.3387506032161147
61	Ducange	188844	26648	210	1.3076168682576006
62	Vit	188844	26856	208	1.2951633742741948
63	Persians	188844	27063	207	1.288936627282492
64	Germans	188844	27264	201	1.2515761453322747
65	Vandals	188844	27460	196	1.2204424103737606
66	Sicily	188844	27652	192	1.195535422406949
67	English	188844	27843	191	1.1893086754152462
68	Carthage	188844	28034	191	1.1893086754152462
69	Alps	188844	28223	189	1.1768551814318404
70	Britain	188844	28411	188	1.1706284344401376
71	Arabian	188844	28597	186	1.1581749404567319
72	Eusebius	188844	28782	185	1.151948193465029
73	Theodoric	188844	28963	181	1.1270412054982175
74	German	188844	29143	180	1.1208144585065147
75	Rhine	188844	29323	180	1.1208144585065147
76	Tacitus	188844	29501	178	1.108360964523109
77	Euphrates	188844	29677	176	1.0959074705397034
78	Milan	188844	29848	171	1.064773735581189
79	Ravenna	188844	30018	170	1.058546988589486
80	Caesar	188844	30188	170	1.058546988589486
81	Athanasius	188844	30358	170	1.058546988589486
82	Armenia	188844	30519	161	1.0025062656641603
83	Cæsar	188844	30680	161	1.0025062656641603
84	Libanius	188844	30841	161	1.0025062656641603
85	Athens	188844	31001	160	0.9962795186724576
86	Honorius	188844	31158	157	0.977599277697349
87	Chosroes	188844	31315	157	0.977599277697349
88	Palestine	188844	31471	156	0.9713725307056461
89	Charlemagne	188844	31624	153	0.9526922897305375
90	Ammian	188844	31776	152	0.9464655427388347
91	Mecca	188844	31927	151	0.9402387957471318
92	Koran	188844	32078	151	0.9402387957471318
93	African	188844	32227	149	0.9277853017637261
94	Heraclius	188844	32375	148	0.9215585547720232
95	Abulfeda	188844	32523	148	0.9215585547720232
96	Arabia	188844	32670	147	0.9153318077803204
97	Tigris	188844	32813	143	0.890424819813509
98	Thrace	188844	32955	142	0.8841980728218061
99	Aurelian	188844	33094	139	0.8655178318466975
100	Lombards	188844	33233	139	0.8655178318466975
101	Chron	188844	33372	139	0.8655178318466975
102	Baronius	188844	33511	139	0.8655178318466975
103	Alexius	188844	33649	138	0.8592910848549946
104	Valens	188844	33785	136	0.8468375908715889
105	Maximin	188844	33919	134	0.8343840968881832
106	Claudian	188844	34053	134	0.8343840968881832
107	D’Herbelot	188844	34187	134	0.8343840968881832
108	Moslems	188844	34321	134	0.8343840968881832
109	Mem	188844	34454	133	0.8281573498964804
110	Jornandes	188844	34587	133	0.8281573498964804
111	Nicephorus	188844	34719	132	0.8219306029047775
112	Trajan	188844	34850	131	0.8157038559130746
113	Basil	188844	34981	131	0.8157038559130746
114	Theophanes	188844	35112	131	0.8157038559130746
115	Vatican	188844	35240	128	0.797023614937966
116	Hadrian	188844	35367	127	0.7907968679462631
117	Pliny	188844	35492	125	0.7783433739628575
118	Sozomen	188844	35617	125	0.7783433739628575
119	St_Peter	188844	35742	125	0.7783433739628575
120	Stilicho	188844	35866	124	0.7721166269711546
121	St_Martin	188844	35990	124	0.7721166269711546
122	Clovis	188844	36112	122	0.7596631329877489
123	Naples	188844	36234	122	0.7596631329877489
124	Venice	188844	36356	122	0.7596631329877489
125	Cicero	188844	36477	121	0.753436385996046
126	Arian	188844	36597	120	0.7472096390043431
127	England	188844	36717	120	0.7472096390043431
128	Pagi	188844	36837	120	0.7472096390043431
129	Socrates	188844	36956	119	0.7409828920126403
130	Zonaras	188844	37075	119	0.7409828920126403
131	Alaric	188844	37193	118	0.7347561450209374
132	Michael	188844	37311	118	0.7347561450209374
133	Eutropius	188844	37427	116	0.7223026510375317
134	Sapor	188844	37542	115	0.7160759040458289
135	Alemanni	188844	37656	114	0.709849157054126
136	Bosphorus	188844	37770	114	0.709849157054126
137	Galerius	188844	37883	113	0.7036224100624231
138	Theodora	188844	37996	113	0.7036224100624231
139	Syrian	188844	38109	113	0.7036224100624231
140	Paul	188844	38222	113	0.7036224100624231
141	Damascus	188844	38334	112	0.6973956630707203
142	Jewish	188844	38446	112	0.6973956630707203
143	Justin	188844	38556	110	0.6849421690873145
144	Andronicus	188844	38666	110	0.6849421690873145
145	Timour	188844	38775	109	0.6787154220956118
146	Lactantius	188844	38884	109	0.6787154220956118
147	Charles	188844	38992	108	0.6724886751039089
148	Hellespont	188844	39100	108	0.6724886751039089
149	Manuel	188844	39207	107	0.666261928112206
150	Grecian	188844	39313	106	0.6600351811205031
151	William	188844	39419	106	0.6600351811205031
152	Herodian	188844	39525	106	0.6600351811205031
153	Jerom	188844	39630	105	0.6538084341288003
154	Normans	188844	39734	104	0.6475816871370974
155	Euxine	188844	39838	104	0.6475816871370974
156	Marcellinus	188844	39941	103	0.6413549401453945
157	Orosius	188844	40043	102	0.6351281931536917
158	Plato	188844	40145	102	0.6351281931536917
159	Moses	188844	40247	102	0.6351281931536917
160	Arabic	188844	40349	102	0.6351281931536917
161	India	188844	40450	101	0.6289014461619888
162	Maximian	188844	40550	100	0.622674699170286
163	D’Anville	188844	40650	100	0.622674699170286
164	Homer	188844	40750	100	0.622674699170286
165	Visigoths	188844	40849	99	0.6164479521785831
166	Scythia	188844	40948	99	0.6164479521785831
167	Nile	188844	41047	99	0.6164479521785831
168	Claudius	188844	41145	98	0.6102212051868803
169	Marcus	188844	41243	98	0.6102212051868803
170	Italians	188844	41341	98	0.6102212051868803
171	Chinese	188844	41438	97	0.6039944581951774
172	Tertullian	188844	41535	97	0.6039944581951774
173	Asiatic	188844	41631	96	0.5977677112034745
174	Plin	188844	41727	96	0.5977677112034745
175	Panegyr	188844	41823	96	0.5977677112034745
176	Ali	188844	41919	96	0.5977677112034745
177	Antonines	188844	42014	95	0.5915409642117717
178	Philip	188844	42109	95	0.5915409642117717
179	Chrysostom	188844	42204	95	0.5915409642117717
180	Antoninus	188844	42299	95	0.5915409642117717
181	Tyber	188844	42394	95	0.5915409642117717
182	Egyptian	188844	42489	95	0.5915409642117717
183	Medina	188844	42583	94	0.5853142172200688
184	Hungary	188844	42677	94	0.5853142172200688
185	Licinius	188844	42771	94	0.5853142172200688
186	Caracalla	188844	42864	93	0.5790874702283659
187	Guignes	188844	42957	93	0.5790874702283659
188	Peter	188844	43050	93	0.5790874702283659
189	Mahometan	188844	43142	92	0.572860723236663
190	Henry	188844	43234	92	0.572860723236663
191	Anastasius	188844	43325	91	0.5666339762449603
192	Robert	188844	43416	91	0.5666339762449603
193	Goth	188844	43507	91	0.5666339762449603
194	Scythian	188844	43598	91	0.5666339762449603
195	Tours	188844	43689	91	0.5666339762449603
196	Palæologus	188844	43780	91	0.5666339762449603
197	Nero	188844	43870	90	0.5604072292532574
198	Ottoman	188844	43960	90	0.5604072292532574
199	Mosheim	188844	44049	89	0.5541804822615545
200	Armenian	188844	44137	88	0.5479537352698517
201	Gallic	188844	44225	88	0.5479537352698517
202	Petrarch	188844	44313	88	0.5479537352698517
203	Gallienus	188844	44400	87	0.5417269882781488
204	Gratian	188844	44487	87	0.5417269882781488
205	Narses	188844	44574	87	0.5417269882781488
206	Cassius	188844	44661	87	0.5417269882781488
207	Strabo	188844	44747	86	0.5355002412864459
208	Euseb	188844	44833	86	0.5355002412864459
209	Venetians	188844	44918	85	0.529273494294743
210	Vandal	188844	45002	84	0.5230467473030402
211	Aurelius	188844	45086	84	0.5230467473030402
212	Caesars	188844	45170	84	0.5230467473030402
213	Commodus	188844	45253	83	0.5168200003113373
214	Empereurs	188844	45336	83	0.5168200003113373
215	Niebuhr	188844	45418	82	0.5105932533196345
216	Sidonius	188844	45500	82	0.5105932533196345
217	Martin	188844	45581	81	0.5043665063279317
218	Tiberius	188844	45661	80	0.4981397593362288
219	Theodosian	188844	45741	80	0.4981397593362288
220	Pocock	188844	45821	80	0.4981397593362288
221	Bagdad	188844	45901	80	0.4981397593362288
222	Cantacuzene	188844	45981	80	0.4981397593362288
223	Chalcedon	188844	46060	79	0.4919130123445259
224	Nicetas	188844	46138	78	0.48568626535282305
225	Maxentius	188844	46215	77	0.4794595183611202
226	Saxons	188844	46292	77	0.4794595183611202
227	Augustin	188844	46369	77	0.4794595183611202
228	Abulpharagius	188844	46446	77	0.4794595183611202
229	Boniface	188844	46522	76	0.4732327713694173
230	Omar	188844	46598	76	0.4732327713694173
231	Frederic	188844	46674	76	0.4732327713694173
232	Livy	188844	46749	75	0.4670060243777145
233	Geschichte	188844	46824	75	0.4670060243777145
234	Tartars	188844	46899	75	0.4670060243777145
235	Theophilus	188844	46974	75	0.4670060243777145
236	Arcadius	188844	47048	74	0.4607792773860116
237	St_Sophia	188844	47122	74	0.4607792773860116
238	Pannonia	188844	47195	73	0.45455253039430876
239	Jovian	188844	47268	73	0.45455253039430876
240	Bulgarians	188844	47341	73	0.45455253039430876
241	Tartar	188844	47414	73	0.45455253039430876
242	Tyre	188844	47487	73	0.45455253039430876
243	Adriatic	188844	47560	73	0.45455253039430876
244	Cyprian	188844	47633	73	0.45455253039430876
245	Rufinus	188844	47705	72	0.44832578340260587
246	Illyricum	188844	47777	72	0.44832578340260587
247	Zingis	188844	47849	72	0.44832578340260587
248	Jesus	188844	47921	72	0.44832578340260587
249	Genseric	188844	47992	71	0.44209903641090303
250	Ephesus	188844	48063	71	0.44209903641090303
251	British	188844	48134	71	0.44209903641090303
252	Cedrenus	188844	48205	71	0.44209903641090303
253	Isaac	188844	48276	71	0.44209903641090303
254	Ambrose	188844	48347	71	0.44209903641090303
255	Gallus	188844	48417	70	0.4358722894192002
256	Jupiter	188844	48487	70	0.4358722894192002
257	Trebizond	188844	48557	70	0.4358722894192002
258	Burgundians	188844	48626	69	0.4296455424274973
259	Maurice	188844	48695	69	0.4296455424274973
260	Cappadocia	188844	48764	69	0.4296455424274973
261	Bibliotheque	188844	48833	69	0.4296455424274973
262	George	188844	48902	69	0.4296455424274973
263	Cæsars	188844	48970	68	0.42341879543579447
264	Hist_Natur	188844	49038	68	0.42341879543579447
265	Mémoires	188844	49106	68	0.42341879543579447
266	Geograph	188844	49174	68	0.42341879543579447
267	Rienzi	188844	49242	68	0.42341879543579447
268	Valerian	188844	49309	67	0.4171920484440916
269	Orientale	188844	49376	67	0.4171920484440916
270	Augustan	188844	49442	66	0.41096530145238874
271	Moors	188844	49508	66	0.41096530145238874
272	Plutarch	188844	49574	66	0.41096530145238874
273	Florence	188844	49640	66	0.41096530145238874
274	Roma	188844	49706	66	0.41096530145238874
275	Ducas	188844	49772	66	0.41096530145238874
276	Evagrius	188844	49838	66	0.41096530145238874
277	Theodoret	188844	49904	66	0.41096530145238874
278	Phranza	188844	49970	66	0.41096530145238874
279	Romanus	188844	50035	65	0.40473855446068585
280	Mediterranean	188844	50100	65	0.40473855446068585
281	Edessa	188844	50165	65	0.40473855446068585
282	Arians	188844	50230	65	0.40473855446068585
283	Norman	188844	50295	65	0.40473855446068585
284	Apulia	188844	50359	64	0.398511807468983
285	Nicomedia	188844	50423	64	0.398511807468983
286	European	188844	50486	63	0.3922850604772802
287	Gauls	188844	50549	63	0.3922850604772802
288	Agathias	188844	50612	63	0.3922850604772802
289	Cassiodorus	188844	50675	63	0.3922850604772802
290	Thessalonica	188844	50738	63	0.3922850604772802
291	Cyril	188844	50801	63	0.3922850604772802
292	Villehardouin	188844	50864	63	0.3922850604772802
293	Bajazet	188844	50927	63	0.3922850604772802
294	Verona	188844	50989	62	0.3860583134855773
295	Otho	188844	51051	62	0.3860583134855773
296	Heineccius	188844	51113	62	0.3860583134855773
297	Caspian	188844	51175	62	0.3860583134855773
298	Nazianzen	188844	51237	62	0.3860583134855773
299	Gagnier	188844	51299	62	0.3860583134855773
300	Ostrogoths	188844	51360	61	0.37983156649387445
301	Russians	188844	51421	61	0.37983156649387445
302	Mesopotamia	188844	51482	61	0.37983156649387445
303	Mogul	188844	51543	61	0.37983156649387445
304	Aquileia	188844	51604	61	0.37983156649387445
305	Elmacin	188844	51665	61	0.37983156649387445
306	Gregoras	188844	51726	61	0.37983156649387445
307	Domitian	188844	51786	60	0.37360481950217156
308	Virgil	188844	51846	60	0.37360481950217156
309	Alani	188844	51906	60	0.37360481950217156
310	Colonna	188844	51966	60	0.37360481950217156
311	Fabricius	188844	52025	59	0.3673780725104687
312	Indian	188844	52084	59	0.3673780725104687
313	Theod	188844	52143	59	0.3673780725104687
314	MŽm	188844	52202	59	0.3673780725104687
315	Philostorgius	188844	52261	59	0.3673780725104687
316	Amurath	188844	52320	59	0.3673780725104687
317	Decius	188844	52378	58	0.36115132551876583
318	Mahometans	188844	52436	58	0.36115132551876583
319	Genoese	188844	52494	58	0.36115132551876583
320	Abu	188844	52552	58	0.36115132551876583
321	Avars	188844	52609	57	0.354924578527063
322	Arabians	188844	52666	57	0.354924578527063
323	Vopiscus	188844	52723	57	0.354924578527063
324	Montesquieu	188844	52780	57	0.354924578527063
325	Godefroy	188844	52837	57	0.354924578527063
326	Hungarians	188844	52893	56	0.34869783153536016
327	Spanheim	188844	52949	56	0.34869783153536016
328	Burgundy	188844	53005	56	0.34869783153536016
329	Eunapius	188844	53061	56	0.34869783153536016
330	Saladin	188844	53117	56	0.34869783153536016
331	Baldwin	188844	53173	56	0.34869783153536016
332	Majorian	188844	53228	55	0.34247108454365727
333	Hercules	188844	53283	55	0.34247108454365727
334	Venetian	188844	53338	55	0.34247108454365727
335	Bulgaria	188844	53393	55	0.34247108454365727
336	Mussulman	188844	53448	55	0.34247108454365727
337	Avignon	188844	53503	55	0.34247108454365727
338	Gutenberg-tm	188844	53558	55	0.34247108454365727
339	Spanish	188844	53612	54	0.33624433755195443
340	Roger	188844	53665	53	0.33001759056025154
341	Baltic	188844	53718	53	0.33001759056025154
342	Joseph	188844	53771	53	0.33001759056025154
343	Illyrian	188844	53824	53	0.33001759056025154
344	Macedonia	188844	53877	53	0.33001759056025154
345	Annali	188844	53930	53	0.33001759056025154
346	Pavia	188844	53983	53	0.33001759056025154
347	Stephen	188844	54036	53	0.33001759056025154
348	Bithynia	188844	54088	52	0.3237908435685487
349	Sarmatians	188844	54140	52	0.3237908435685487
350	Persic	188844	54192	52	0.3237908435685487
351	Bibliot_Orient	188844	54244	52	0.3237908435685487
352	London	188844	54295	51	0.31756409657684587
353	Julius	188844	54346	51	0.31756409657684587
354	Babylon	188844	54397	51	0.31756409657684587
355	Propontis	188844	54448	51	0.31756409657684587
356	Photius	188844	54499	51	0.31756409657684587
357	Soliman	188844	54550	51	0.31756409657684587
358	Opp	188844	54601	51	0.31756409657684587
359	Anna	188844	54652	51	0.31756409657684587
360	Eugenius	188844	54702	50	0.311337349585143
361	Anthemius	188844	54752	50	0.311337349585143
362	Zoroaster	188844	54802	50	0.311337349585143
363	Assyria	188844	54852	50	0.311337349585143
364	Antiq	188844	54902	50	0.311337349585143
365	Cyrus	188844	54952	50	0.311337349585143
366	Suevi	188844	55002	50	0.311337349585143
367	Liutprand	188844	55052	50	0.311337349585143
368	Cons	188844	55102	50	0.311337349585143
369	Fleury	188844	55152	50	0.311337349585143
370	Caled	188844	55202	50	0.311337349585143
371	Godfrey	188844	55251	49	0.30511060259344014
372	Memoires	188844	55300	49	0.30511060259344014
373	Ulpian	188844	55349	49	0.30511060259344014
374	Institut	188844	55398	49	0.30511060259344014
375	Nicene	188844	55447	49	0.30511060259344014
376	Avitus	188844	55495	48	0.29888385560173725
377	Abbassides	188844	55543	48	0.29888385560173725
378	Herodotus	188844	55591	48	0.29888385560173725
379	Aleppo	188844	55639	48	0.29888385560173725
380	Syriac	188844	55687	48	0.29888385560173725
381	Aristotle	188844	55735	48	0.29888385560173725
382	Theodos	188844	55783	48	0.29888385560173725
383	Hist_Eccles	188844	55831	48	0.29888385560173725
384	Graec	188844	55879	48	0.29888385560173725
385	Greg	188844	55927	48	0.29888385560173725
386	Wilken	188844	55975	48	0.29888385560173725
387	Nushirvan	188844	56022	47	0.2926571086100344
388	Armenians	188844	56069	47	0.2926571086100344
389	Campania	188844	56116	47	0.2926571086100344
390	Pontus	188844	56163	47	0.2926571086100344
391	Calabria	188844	56210	47	0.2926571086100344
392	Placidia	188844	56257	47	0.2926571086100344
393	Excerpt	188844	56304	47	0.2926571086100344
394	Clerc	188844	56351	47	0.2926571086100344
395	Theodore	188844	56398	47	0.2926571086100344
396	Isidore	188844	56445	47	0.2926571086100344
397	Adrianople	188844	56492	47	0.2926571086100344
398	Anatolia	188844	56539	47	0.2926571086100344
399	Chalcondyles	188844	56586	47	0.2926571086100344
400	Guizot	188844	56632	46	0.2864303616183315
401	Sueton	188844	56678	46	0.2864303616183315
402	Tripoli	188844	56724	46	0.2864303616183315
403	Antiquitat	188844	56770	46	0.2864303616183315
404	Basnage	188844	56816	46	0.2864303616183315
405	Volga	188844	56862	46	0.2864303616183315
406	Hugo	188844	56908	46	0.2864303616183315
407	St_John	188844	56953	45	0.2802036146266287
408	Odoacer	188844	56998	45	0.2802036146266287
409	Totila	188844	57043	45	0.2802036146266287
410	Paulicians	188844	57088	45	0.2802036146266287
411	Dionysius	188844	57133	45	0.2802036146266287
412	Ms	188844	57178	45	0.2802036146266287
413	St_Paul	188844	57223	45	0.2802036146266287
414	Thracian	188844	57268	45	0.2802036146266287
415	Ital	188844	57313	45	0.2802036146266287
416	Legat	188844	57358	45	0.2802036146266287
417	Idatius	188844	57403	45	0.2802036146266287
418	Caesarea	188844	57448	45	0.2802036146266287
419	Abbe	188844	57493	45	0.2802036146266287
420	Christendom	188844	57538	45	0.2802036146266287
421	Dacia	188844	57582	44	0.27397686763492585
422	Voltaire	188844	57626	44	0.27397686763492585
423	Epirus	188844	57670	44	0.27397686763492585
424	Egyptians	188844	57714	44	0.27397686763492585
425	Montfaucon	188844	57758	44	0.27397686763492585
426	Arles	188844	57802	44	0.27397686763492585
427	Critica	188844	57846	44	0.27397686763492585
428	Saxon	188844	57890	44	0.27397686763492585
429	Nicholas	188844	57934	44	0.27397686763492585
430	Constans	188844	57977	43	0.26775012064322296
431	Nestorius	188844	58020	43	0.26775012064322296
432	Vespasian	188844	58063	43	0.26775012064322296
433	Nisibis	188844	58106	43	0.26775012064322296
434	Hebrew	188844	58149	43	0.26775012064322296
435	Esprit	188844	58192	43	0.26775012064322296
436	Valesius	188844	58235	43	0.26775012064322296
437	Constantin	188844	58278	43	0.26775012064322296
438	Urban	188844	58321	43	0.26775012064322296
439	Pachymer	188844	58364	43	0.26775012064322296
440	Elagabalus	188844	58406	42	0.2615233736515201
441	Nestorians	188844	58448	42	0.2615233736515201
442	Guiscard	188844	58490	42	0.2615233736515201
443	Reiske	188844	58532	42	0.2615233736515201
444	Sallust	188844	58574	42	0.2615233736515201
445	Giannone	188844	58616	42	0.2615233736515201
446	Bleterie	188844	58658	42	0.2615233736515201
447	Syrians	188844	58700	42	0.2615233736515201
448	Ctesiphon	188844	58742	42	0.2615233736515201
449	Eutychius	188844	58784	42	0.2615233736515201
450	Mary	188844	58826	42	0.2615233736515201
451	Othman	188844	58868	42	0.2615233736515201
452	Theophylact	188844	58910	42	0.2615233736515201
453	Antonina	188844	58952	42	0.2615233736515201
454	Koreish	188844	58994	42	0.2615233736515201
455	Cantemir	188844	59036	42	0.2615233736515201
456	Phocas	188844	59077	41	0.2552966266598172
457	Poland	188844	59118	41	0.2552966266598172
458	Ptolemy	188844	59159	41	0.2552966266598172
459	Sirmium	188844	59200	41	0.2552966266598172
460	Malala	188844	59241	41	0.2552966266598172
461	Origen	188844	59282	41	0.2552966266598172
462	Courtenay	188844	59323	41	0.2552966266598172
463	Zeno	188844	59363	40	0.2490698796681144
464	Arab	188844	59403	40	0.2490698796681144
465	Genoa	188844	59443	40	0.2490698796681144
466	Macedonian	188844	59483	40	0.2490698796681144
467	Corinth	188844	59523	40	0.2490698796681144
468	Codex	188844	59563	40	0.2490698796681144
469	Pompey	188844	59603	40	0.2490698796681144
470	Chardin	188844	59643	40	0.2490698796681144
471	Oxus	188844	59683	40	0.2490698796681144
472	Heruli	188844	59723	40	0.2490698796681144
473	Byzant	188844	59763	40	0.2490698796681144
474	Zenobia	188844	59803	40	0.2490698796681144
475	Gnostics	188844	59843	40	0.2490698796681144
476	AbbŽ	188844	59883	40	0.2490698796681144
477	Symmachus	188844	59923	40	0.2490698796681144
478	Irene	188844	59963	40	0.2490698796681144
479	Comnena	188844	60003	40	0.2490698796681144
480	Cairo	188844	60042	39	0.24284313267641153
481	Russian	188844	60081	39	0.24284313267641153
482	Lipsius	188844	60120	39	0.24284313267641153
483	Cilicia	188844	60159	39	0.24284313267641153
484	Cyprus	188844	60198	39	0.24284313267641153
485	Treves	188844	60237	39	0.24284313267641153
486	Byzantium	188844	60276	39	0.24284313267641153
487	Wesseling	188844	60315	39	0.24284313267641153
488	Paschal	188844	60354	39	0.24284313267641153
489	Lewis	188844	60393	39	0.24284313267641153
490	Pandect	188844	60432	39	0.24284313267641153
491	Gepidae	188844	60471	39	0.24284313267641153
492	Italicarum	188844	60510	39	0.24284313267641153
493	Artaxerxes	188844	60548	38	0.23661638568470866
494	Britons	188844	60586	38	0.23661638568470866
495	Appian	188844	60624	38	0.23661638568470866
496	Dubos	188844	60662	38	0.23661638568470866
497	Crispus	188844	60700	38	0.23661638568470866
498	Bayle	188844	60738	38	0.23661638568470866
499	Sirmond	188844	60776	38	0.23661638568470866
500	Bibliot	188844	60814	38	0.23661638568470866
501	Joinville	188844	60852	38	0.23661638568470866
502	Hegira	188844	60890	38	0.23661638568470866
503	David	188844	60927	37	0.2303896386930058
504	Eudocia	188844	60964	37	0.2303896386930058
505	Jacobites	188844	61001	37	0.2303896386930058
506	Shah	188844	61038	37	0.2303896386930058
507	Flanders	188844	61075	37	0.2303896386930058
508	Dalmatia	188844	61112	37	0.2303896386930058
509	Seneca	188844	61149	37	0.2303896386930058
510	Italia	188844	61186	37	0.2303896386930058
511	Dupin	188844	61223	37	0.2303896386930058
512	Sweden	188844	61260	37	0.2303896386930058
513	Abraham	188844	61297	37	0.2303896386930058
514	Alexandrian	188844	61334	37	0.2303896386930058
515	Scythians	188844	61371	37	0.2303896386930058
516	Sulpicius	188844	61408	37	0.2303896386930058
517	Apollinaris	188844	61445	37	0.2303896386930058
518	Renaudot	188844	61482	37	0.2303896386930058
519	Merovingian	188844	61519	37	0.2303896386930058
520	Asseman	188844	61556	37	0.2303896386930058
521	Amrou	188844	61593	37	0.2303896386930058
522	Magnentius	188844	61629	36	0.22416289170130294
523	Boethius	188844	61665	36	0.22416289170130294
524	Xenophon	188844	61701	36	0.22416289170130294
525	Protestant	188844	61737	36	0.22416289170130294
526	Pyrenees	188844	61773	36	0.22416289170130294
527	Lyons	188844	61809	36	0.22416289170130294
528	Tartary	188844	61845	36	0.22416289170130294
529	Marcellus	188844	61881	36	0.22416289170130294
530	Dynast	188844	61917	36	0.22416289170130294
531	Moorish	188844	61953	36	0.22416289170130294
532	Ghost	188844	61989	36	0.22416289170130294
533	Procop	188844	62025	36	0.22416289170130294
534	Hungarian	188844	62061	36	0.22416289170130294
535	Matthew	188844	62097	36	0.22416289170130294
536	Medii	188844	62133	36	0.22416289170130294
537	Anecdot	188844	62169	36	0.22416289170130294
538	Lucian	188844	62204	35	0.2179361447096001
539	Romulus	188844	62239	35	0.2179361447096001
540	Vienna	188844	62274	35	0.2179361447096001
541	Antony	188844	62309	35	0.2179361447096001
542	Eutrop	188844	62344	35	0.2179361447096001
543	Beausobre	188844	62379	35	0.2179361447096001
544	Teutonic	188844	62414	35	0.2179361447096001
545	Easter	188844	62449	35	0.2179361447096001
546	MS	188844	62484	35	0.2179361447096001
547	Lateran	188844	62519	35	0.2179361447096001
548	Nestorian	188844	62554	35	0.2179361447096001
549	Ricimer	188844	62589	35	0.2179361447096001
550	Script_Rerum	188844	62624	35	0.2179361447096001
551	Donatists	188844	62658	34	0.21170939771789724
552	Solomon	188844	62692	34	0.21170939771789724
553	Sclavonian	188844	62726	34	0.21170939771789724
554	Peloponnesus	188844	62760	34	0.21170939771789724
555	Africans	188844	62794	34	0.21170939771789724
556	Emesa	188844	62828	34	0.21170939771789724
557	Grotius	188844	62862	34	0.21170939771789724
558	Mss	188844	62896	34	0.21170939771789724
559	Istoria	188844	62930	34	0.21170939771789724
560	Janizaries	188844	62964	34	0.21170939771789724
561	Amida	188844	62998	34	0.21170939771789724
562	Rimini	188844	63032	34	0.21170939771789724
563	Maracci	188844	63066	34	0.21170939771789724
564	Samarcand	188844	63100	34	0.21170939771789724
565	Raymond	188844	63134	34	0.21170939771789724
566	Moslem	188844	63168	34	0.21170939771789724
567	Bohemond	188844	63202	34	0.21170939771789724
568	Horace	188844	63235	33	0.20548265072619437
569	Juvenal	188844	63268	33	0.20548265072619437
570	Caucasus	188844	63301	33	0.20548265072619437
571	Tiridates	188844	63334	33	0.20548265072619437
572	Clement	188844	63367	33	0.20548265072619437
573	Vales	188844	63400	33	0.20548265072619437
574	Benedict	188844	63433	33	0.20548265072619437
575	Anne	188844	63466	33	0.20548265072619437
576	Adrian	188844	63499	33	0.20548265072619437
577	Sherefeddin	188844	63532	33	0.20548265072619437
578	Arianism	188844	63564	32	0.1992559037344915
579	Hindostan	188844	63596	32	0.1992559037344915
580	Gibbon’s	188844	63628	32	0.1992559037344915
581	Suetonius	188844	63660	32	0.1992559037344915
582	Richard	188844	63692	32	0.1992559037344915
583	Punic	188844	63724	32	0.1992559037344915
584	Rom	188844	63756	32	0.1992559037344915
585	Po	188844	63788	32	0.1992559037344915
586	Maffei	188844	63820	32	0.1992559037344915
587	Apollo	188844	63852	32	0.1992559037344915
588	Auvergne	188844	63884	32	0.1992559037344915
589	Anonym	188844	63916	32	0.1992559037344915
590	Orient	188844	63948	32	0.1992559037344915
591	Aquitain	188844	63980	32	0.1992559037344915
592	Porphyrogenitus	188844	64012	32	0.1992559037344915
593	Conrad	188844	64044	32	0.1992559037344915
594	Salerno	188844	64076	32	0.1992559037344915
595	Romania	188844	64108	32	0.1992559037344915
596	Diodorus	188844	64139	31	0.19302915674278864
597	Atlantic	188844	64170	31	0.19302915674278864
598	Paulinus	188844	64201	31	0.19302915674278864
599	January	188844	64232	31	0.19302915674278864
600	Nardini	188844	64263	31	0.19302915674278864
601	Tarsus	188844	64294	31	0.19302915674278864
602	Darius	188844	64325	31	0.19302915674278864
603	Adolphus	188844	64356	31	0.19302915674278864
604	Borysthenes	188844	64387	31	0.19302915674278864
605	Mascou	188844	64418	31	0.19302915674278864
606	Hist_Critique	188844	64449	31	0.19302915674278864
607	MŽmoires	188844	64480	31	0.19302915674278864
608	Fam	188844	64511	31	0.19302915674278864
609	Buat	188844	64542	31	0.19302915674278864
610	Reland	188844	64573	31	0.19302915674278864
611	Eudoxia	188844	64604	31	0.19302915674278864
612	Abdallah	188844	64635	31	0.19302915674278864
613	Ursini	188844	64666	31	0.19302915674278864
614	Macrinus	188844	64696	30	0.18680240975108578
615	Marcian	188844	64726	30	0.18680240975108578
616	Sclavonians	188844	64756	30	0.18680240975108578
617	Marius	188844	64786	30	0.18680240975108578
618	J	188844	64816	30	0.18680240975108578
619	Lombardy	188844	64846	30	0.18680240975108578
620	Ockley	188844	64876	30	0.18680240975108578
621	Serapis	188844	64906	30	0.18680240975108578
622	Athenian	188844	64936	30	0.18680240975108578
623	Casaubon	188844	64966	30	0.18680240975108578
624	Mai	188844	64996	30	0.18680240975108578
625	Georgia	188844	65026	30	0.18680240975108578
626	Romani	188844	65056	30	0.18680240975108578
627	Dictionnaire	188844	65086	30	0.18680240975108578
628	Cluver	188844	65116	30	0.18680240975108578
629	Orestes	188844	65146	30	0.18680240975108578
630	Phasis	188844	65176	30	0.18680240975108578
631	Hadrianople	188844	65206	30	0.18680240975108578
632	Thomas	188844	65236	30	0.18680240975108578
633	Demetrius	188844	65266	30	0.18680240975108578
634	Ennodius	188844	65296	30	0.18680240975108578
635	Toledo	188844	65326	30	0.18680240975108578
636	Alboin	188844	65356	30	0.18680240975108578
637	Comnenian	188844	65386	30	0.18680240975108578
638	Pulcheria	188844	65415	29	0.18057566275938292
639	Tuscany	188844	65444	29	0.18057566275938292
640	Bohemia	188844	65473	29	0.18057566275938292
641	Juifs	188844	65502	29	0.18057566275938292
642	Numa	188844	65531	29	0.18057566275938292
643	Suidas	188844	65560	29	0.18057566275938292
644	Zosim	188844	65589	29	0.18057566275938292
645	Elbe	188844	65618	29	0.18057566275938292
646	Bahram	188844	65647	29	0.18057566275938292
647	Themistius	188844	65676	29	0.18057566275938292
648	Yemen	188844	65705	29	0.18057566275938292
649	Chronograph	188844	65734	29	0.18057566275938292
650	Thomassin	188844	65763	29	0.18057566275938292
651	Menander	188844	65792	29	0.18057566275938292
652	Italiae	188844	65821	29	0.18057566275938292
653	Sigonius	188844	65850	29	0.18057566275938292
654	Abubeker	188844	65879	29	0.18057566275938292
655	Vataces	188844	65908	29	0.18057566275938292
656	Spondanus	188844	65937	29	0.18057566275938292
657	Parthian	188844	65965	28	0.17434891576768008
658	Ovid	188844	65993	28	0.17434891576768008
659	St_Augustin	188844	66021	28	0.17434891576768008
660	Sardinia	188844	66049	28	0.17434891576768008
661	Hudson	188844	66077	28	0.17434891576768008
662	Epiphanius	188844	66105	28	0.17434891576768008
663	Messiah	188844	66133	28	0.17434891576768008
664	Spaniards	188844	66161	28	0.17434891576768008
665	Ruinart	188844	66189	28	0.17434891576768008
666	Thevenot	188844	66217	28	0.17434891576768008
667	Galata	188844	66245	28	0.17434891576768008
668	Alexiad	188844	66273	28	0.17434891576768008
669	Sidon	188844	66301	28	0.17434891576768008
670	Bibliothèque	188844	66329	28	0.17434891576768008
671	Attalus	188844	66357	28	0.17434891576768008
672	Palermo	188844	66385	28	0.17434891576768008
673	Bulgarian	188844	66413	28	0.17434891576768008
674	Script_Ital	188844	66441	28	0.17434891576768008
675	Albinus	188844	66468	27	0.16812216877597722
676	Polybius	188844	66495	27	0.16812216877597722
677	Ireland	188844	66522	27	0.16812216877597722
678	Germania	188844	66549	27	0.16812216877597722
679	Noricum	188844	66576	27	0.16812216877597722
680	Marseilles	188844	66603	27	0.16812216877597722
681	Capua	188844	66630	27	0.16812216877597722
682	Phrygia	188844	66657	27	0.16812216877597722
683	Titus	188844	66684	27	0.16812216877597722
684	Syracuse	188844	66711	27	0.16812216877597722
685	Paulus	188844	66738	27	0.16812216877597722
686	Marcellin	188844	66765	27	0.16812216877597722
687	Scipio	188844	66792	27	0.16812216877597722
688	Gordian	188844	66819	27	0.16812216877597722
689	Sicilian	188844	66846	27	0.16812216877597722
690	Abbas	188844	66873	27	0.16812216877597722
691	Geticis	188844	66900	27	0.16812216877597722
692	Benedictine	188844	66927	27	0.16812216877597722
693	Lombard	188844	66954	27	0.16812216877597722
694	Saracen	188844	66981	27	0.16812216877597722
695	Dandolo	188844	67008	27	0.16812216877597722
696	Caaba	188844	67035	27	0.16812216877597722
697	Hormouz	188844	67061	26	0.16189542178427435
698	Crete	188844	67087	26	0.16189542178427435
699	Comnenus	188844	67113	26	0.16189542178427435
700	Parthians	188844	67139	26	0.16189542178427435
701	Romana	188844	67165	26	0.16189542178427435
702	Geographie	188844	67191	26	0.16189542178427435
703	Buffon	188844	67217	26	0.16189542178427435
704	Apulian	188844	67243	26	0.16189542178427435
705	Spoleto	188844	67269	26	0.16189542178427435
706	Seleucia	188844	67295	26	0.16189542178427435
707	Levant	188844	67321	26	0.16189542178427435
708	Arsaces	188844	67347	26	0.16189542178427435
709	Adam	188844	67373	26	0.16189542178427435
710	Palmyra	188844	67399	26	0.16189542178427435
711	Valesian	188844	67425	26	0.16189542178427435
712	Protestants	188844	67451	26	0.16189542178427435
713	Bernard	188844	67477	26	0.16189542178427435
714	James	188844	67503	26	0.16189542178427435
715	Cordova	188844	67529	26	0.16189542178427435
716	Bibliot_Graec	188844	67555	26	0.16189542178427435
717	Constance	188844	67581	26	0.16189542178427435
718	Mohammed	188844	67607	26	0.16189542178427435
719	Seville	188844	67633	26	0.16189542178427435
720	Lydus	188844	67659	26	0.16189542178427435
721	Hist_Saracen	188844	67685	26	0.16189542178427435
722	Hugh	188844	67711	26	0.16189542178427435
723	Musa	188844	67737	26	0.16189542178427435
724	Normandy	188844	67763	26	0.16189542178427435
725	Tancred	188844	67789	26	0.16189542178427435
726	Villani	188844	67815	26	0.16189542178427435
727	Syropulus	188844	67841	26	0.16189542178427435
728	June	188844	67866	25	0.1556686747925715
729	Niger	188844	67891	25	0.1556686747925715
730	W	188844	67916	25	0.1556686747925715
731	Tournefort	188844	67941	25	0.1556686747925715
732	April	188844	67966	25	0.1556686747925715
733	Numidia	188844	67991	25	0.1556686747925715
734	Mauritania	188844	68016	25	0.1556686747925715
735	Autun	188844	68041	25	0.1556686747925715
736	Zendavesta	188844	68066	25	0.1556686747925715
737	Odenathus	188844	68091	25	0.1556686747925715
738	Misopogon	188844	68116	25	0.1556686747925715
739	Helena	188844	68141	25	0.1556686747925715
740	Arius	188844	68166	25	0.1556686747925715
741	Rhodes	188844	68191	25	0.1556686747925715
742	Tribonian	188844	68216	25	0.1556686747925715
743	Salic	188844	68241	25	0.1556686747925715
744	Script	188844	68266	25	0.1556686747925715
745	Ferrara	188844	68291	25	0.1556686747925715
746	Arabshah	188844	68316	25	0.1556686747925715
747	Gainas	188844	68340	24	0.14944192780086862
748	Arslan	188844	68364	24	0.14944192780086862
749	Colchos	188844	68388	24	0.14944192780086862
750	Arragon	188844	68412	24	0.14944192780086862
751	Thebes	188844	68436	24	0.14944192780086862
752	Josephus	188844	68460	24	0.14944192780086862
753	Iliad	188844	68484	24	0.14944192780086862
754	Hist_Nat	188844	68508	24	0.14944192780086862
755	Apolog	188844	68532	24	0.14944192780086862
756	Recherches	188844	68556	24	0.14944192780086862
757	Laodicea	188844	68580	24	0.14944192780086862
758	Malcolm	188844	68604	24	0.14944192780086862
759	Manso	188844	68628	24	0.14944192780086862
760	Isaurians	188844	68652	24	0.14944192780086862
761	Cellarius	188844	68676	24	0.14944192780086862
762	Critique	188844	68700	24	0.14944192780086862
763	Phot	188844	68724	24	0.14944192780086862
764	Croze	188844	68748	24	0.14944192780086862
765	Francorum	188844	68772	24	0.14944192780086862
766	Aethiopia	188844	68796	24	0.14944192780086862
767	Malaterra	188844	68820	24	0.14944192780086862
768	Bohadin	188844	68844	24	0.14944192780086862
769	Morea	188844	68868	24	0.14944192780086862
770	Poggius	188844	68892	24	0.14944192780086862
771	Radagaisus	188844	68915	23	0.14321518080916576
772	Eutyches	188844	68938	23	0.14321518080916576
773	Bouillon	188844	68961	23	0.14321518080916576
774	Oxford	188844	68984	23	0.14321518080916576
775	Romains	188844	69007	23	0.14321518080916576
776	Isaurian	188844	69030	23	0.14321518080916576
777	Mæsia	188844	69053	23	0.14321518080916576
778	Celtic	188844	69076	23	0.14321518080916576
779	Apennine	188844	69099	23	0.14321518080916576
780	Mars	188844	69122	23	0.14321518080916576
781	Libanus	188844	69145	23	0.14321518080916576
782	Siculus	188844	69168	23	0.14321518080916576
783	Thoulouse	188844	69191	23	0.14321518080916576
784	Perse	188844	69214	23	0.14321518080916576
785	Rhone	188844	69237	23	0.14321518080916576
786	Sarmatian	188844	69260	23	0.14321518080916576
787	Scandinavia	188844	69283	23	0.14321518080916576
788	Champagne	188844	69306	23	0.14321518080916576
789	Petavius	188844	69329	23	0.14321518080916576
790	Athenians	188844	69352	23	0.14321518080916576
791	Gaza	188844	69375	23	0.14321518080916576
792	Scots	188844	69398	23	0.14321518080916576
793	Fritigern	188844	69421	23	0.14321518080916576
794	Pisa	188844	69444	23	0.14321518080916576
795	Gelimer	188844	69467	23	0.14321518080916576
796	Vitiges	188844	69490	23	0.14321518080916576
797	Ottomans	188844	69513	23	0.14321518080916576
798	Arnold	188844	69536	23	0.14321518080916576
799	Edward	188844	69558	22	0.13698843381746292
800	Seljuk	188844	69580	22	0.13698843381746292
801	Malek	188844	69602	22	0.13698843381746292
802	Arrian	188844	69624	22	0.13698843381746292
803	Savoy	188844	69646	22	0.13698843381746292
804	Sparta	188844	69668	22	0.13698843381746292
805	Troy	188844	69690	22	0.13698843381746292
806	Herod	188844	69712	22	0.13698843381746292
807	September	188844	69734	22	0.13698843381746292
808	Platonists	188844	69756	22	0.13698843381746292
809	Flavian	188844	69778	22	0.13698843381746292
810	Savigny	188844	69800	22	0.13698843381746292
811	Coliseum	188844	69822	22	0.13698843381746292
812	Romanorum	188844	69844	22	0.13698843381746292
813	Cato	188844	69866	22	0.13698843381746292
814	Hierapolis	188844	69888	22	0.13698843381746292
815	July	188844	69910	22	0.13698843381746292
816	Hannibal	188844	69932	22	0.13698843381746292
817	Klaproth	188844	69954	22	0.13698843381746292
818	Cologne	188844	69976	22	0.13698843381746292
819	Ausonius	188844	69998	22	0.13698843381746292
820	Alex	188844	70020	22	0.13698843381746292
821	Scaliger	188844	70042	22	0.13698843381746292
822	Carinus	188844	70064	22	0.13698843381746292
823	Abyssinia	188844	70086	22	0.13698843381746292
824	Thebais	188844	70108	22	0.13698843381746292
825	Sophia	188844	70130	22	0.13698843381746292
826	Athanas	188844	70152	22	0.13698843381746292
827	Venet	188844	70174	22	0.13698843381746292
828	Schmidt	188844	70196	22	0.13698843381746292
829	Zimisces	188844	70218	22	0.13698843381746292
830	Cinnamus	188844	70240	22	0.13698843381746292
831	Acropolita	188844	70262	22	0.13698843381746292
832	Archive	188844	70283	21	0.13076168682576006
833	Mahmud	188844	70304	21	0.13076168682576006
834	Alp	188844	70325	21	0.13076168682576006
835	Biblioth	188844	70346	21	0.13076168682576006
836	Scotland	188844	70367	21	0.13076168682576006
837	Rufus	188844	70388	21	0.13076168682576006
838	Jew	188844	70409	21	0.13076168682576006
839	Indus	188844	70430	21	0.13076168682576006
840	Gellius	188844	70451	21	0.13076168682576006
841	Donatus	188844	70472	21	0.13076168682576006
842	Smyrna	188844	70493	21	0.13076168682576006
843	Godefroy’s	188844	70514	21	0.13076168682576006
844	Eumenius	188844	70535	21	0.13076168682576006
845	Tavernier	188844	70556	21	0.13076168682576006
846	Papinian	188844	70577	21	0.13076168682576006
847	Tiraboschi	188844	70598	21	0.13076168682576006
848	Tanais	188844	70619	21	0.13076168682576006
849	Hieronym	188844	70640	21	0.13076168682576006
850	Heraclea	188844	70661	21	0.13076168682576006
851	Belgrade	188844	70682	21	0.13076168682576006
852	Michaelis	188844	70703	21	0.13076168682576006
853	Bibliothque	188844	70724	21	0.13076168682576006
854	Achilles	188844	70745	21	0.13076168682576006
855	GodefroyÕs	188844	70766	21	0.13076168682576006
856	Jesuit	188844	70787	21	0.13076168682576006
857	Manichaeans	188844	70808	21	0.13076168682576006
858	Arsenius	188844	70829	21	0.13076168682576006
859	Sebastian	188844	70850	21	0.13076168682576006
860	Turon	188844	70871	21	0.13076168682576006
861	Aleman	188844	70892	21	0.13076168682576006
862	Dara	188844	70913	21	0.13076168682576006
863	Gaius	188844	70934	21	0.13076168682576006
864	Angelus	188844	70955	21	0.13076168682576006
865	Kiow	188844	70976	21	0.13076168682576006
866	Moawiyah	188844	70997	21	0.13076168682576006
867	Catalans	188844	71018	21	0.13076168682576006
868	Nic	188844	71039	21	0.13076168682576006
869	Orchan	188844	71060	21	0.13076168682576006
870	Gordians	188844	71080	20	0.1245349398340572
871	Ommiades	188844	71100	20	0.1245349398340572
872	Tamerlane	188844	71120	20	0.1245349398340572
873	Portuguese	188844	71140	20	0.1245349398340572
874	Ionia	188844	71160	20	0.1245349398340572
875	Pannonian	188844	71180	20	0.1245349398340572
876	Dialog	188844	71200	20	0.1245349398340572
877	Chorene	188844	71220	20	0.1245349398340572
878	Louvre	188844	71240	20	0.1245349398340572
879	Scandinavian	188844	71260	20	0.1245349398340572
880	Flaminian	188844	71280	20	0.1245349398340572
881	Vossius	188844	71300	20	0.1245349398340572
882	Israel	188844	71320	20	0.1245349398340572
883	Ecclesiast	188844	71340	20	0.1245349398340572
884	Bibliotheca	188844	71360	20	0.1245349398340572
885	Bede	188844	71380	20	0.1245349398340572
886	Clermont	188844	71400	20	0.1245349398340572
887	Prudentius	188844	71420	20	0.1245349398340572
888	Platonic	188844	71440	20	0.1245349398340572
889	Annales	188844	71460	20	0.1245349398340572
890	Iconium	188844	71480	20	0.1245349398340572
891	Olympiodorus	188844	71500	20	0.1245349398340572
892	Carlovingian	188844	71520	20	0.1245349398340572
893	Sale’s	188844	71540	20	0.1245349398340572
894	Pepin	188844	71560	20	0.1245349398340572
895	Cufa	188844	71580	20	0.1245349398340572
896	Durazzo	188844	71600	20	0.1245349398340572
897	Montferrat	188844	71620	20	0.1245349398340572
898	Felix	188844	71639	19	0.11830819284235433
899	Pomponius	188844	71658	19	0.11830819284235433
900	Wales	188844	71677	19	0.11830819284235433
901	Havercamp	188844	71696	19	0.11830819284235433
902	Servius	188844	71715	19	0.11830819284235433
903	Rheims	188844	71734	19	0.11830819284235433
904	Essays	188844	71753	19	0.11830819284235433
905	Ceylon	188844	71772	19	0.11830819284235433
906	December	188844	71791	19	0.11830819284235433
907	Caligula	188844	71810	19	0.11830819284235433
908	Deum	188844	71829	19	0.11830819284235433
909	Aurel	188844	71848	19	0.11830819284235433
910	Geta	188844	71867	19	0.11830819284235433
911	Africanus	188844	71886	19	0.11830819284235433
912	Antiochus	188844	71905	19	0.11830819284235433
913	Reb	188844	71924	19	0.11830819284235433
914	Sicul	188844	71943	19	0.11830819284235433
915	Itinerar	188844	71962	19	0.11830819284235433
916	Philo	188844	71981	19	0.11830819284235433
917	Firmus	188844	72000	19	0.11830819284235433
918	Lucania	188844	72019	19	0.11830819284235433
919	Erasmus	188844	72038	19	0.11830819284235433
920	Simon	188844	72057	19	0.11830819284235433
921	Sardica	188844	72076	19	0.11830819284235433
922	Jovien	188844	72095	19	0.11830819284235433
923	Cassian	188844	72114	19	0.11830819284235433
924	St_Jerom	188844	72133	19	0.11830819284235433
925	Jesuits	188844	72152	19	0.11830819284235433
926	Roderic	188844	72171	19	0.11830819284235433
927	Hist_Patriarch	188844	72190	19	0.11830819284235433
928	Ispahan	188844	72209	19	0.11830819284235433
929	Alemannus	188844	72228	19	0.11830819284235433
930	Amalphi	188844	72247	19	0.11830819284235433
931	Mussulmans	188844	72266	19	0.11830819284235433
932	Ayesha	188844	72285	19	0.11830819284235433
933	Katona	188844	72304	19	0.11830819284235433
934	Guibert	188844	72323	19	0.11830819284235433
935	Lascaris	188844	72342	19	0.11830819284235433
936	Huniades	188844	72361	19	0.11830819284235433
937	Gildo	188844	72379	18	0.11208144585065147
938	Abyssinians	188844	72397	18	0.11208144585065147
939	G	188844	72415	18	0.11208144585065147
940	Atlas	188844	72433	18	0.11208144585065147
941	Brutus	188844	72451	18	0.11208144585065147
942	Bavaria	188844	72469	18	0.11208144585065147
943	Jordan	188844	72487	18	0.11208144585065147
944	Cyrene	188844	72505	18	0.11208144585065147
945	Aulus	188844	72523	18	0.11208144585065147
946	Antica	188844	72541	18	0.11208144585065147
947	Gravina	188844	72559	18	0.11208144585065147
948	Salmasius	188844	72577	18	0.11208144585065147
949	Valois	188844	72595	18	0.11208144585065147
950	Emp	188844	72613	18	0.11208144585065147
951	Sacy	188844	72631	18	0.11208144585065147
952	Zend	188844	72649	18	0.11208144585065147
953	Tetricus	188844	72667	18	0.11208144585065147
954	Mamertinus	188844	72685	18	0.11208144585065147
955	Hormisdas	188844	72703	18	0.11208144585065147
956	Synesius	188844	72721	18	0.11208144585065147
957	St_Bernard	188844	72739	18	0.11208144585065147
958	Irenæus	188844	72757	18	0.11208144585065147
959	Pekin	188844	72775	18	0.11208144585065147
960	Andrew	188844	72793	18	0.11208144585065147
961	Byzantines	188844	72811	18	0.11208144585065147
962	Gallipoli	188844	72829	18	0.11208144585065147
963	Const	188844	72847	18	0.11208144585065147
964	Berytus	188844	72865	18	0.11208144585065147
965	Bologna	188844	72883	18	0.11208144585065147
966	Poitiers	188844	72901	18	0.11208144585065147
967	Rufin	188844	72919	18	0.11208144585065147
968	Justina	188844	72937	18	0.11208144585065147
969	Mongols	188844	72955	18	0.11208144585065147
970	Anician	188844	72973	18	0.11208144585065147
971	Olympius	188844	72991	18	0.11208144585065147
972	Cardonne	188844	73009	18	0.11208144585065147
973	Warnefrid	188844	73027	18	0.11208144585065147
974	Dioscorus	188844	73045	18	0.11208144585065147
975	Jacobite	188844	73063	18	0.11208144585065147
976	Noureddin	188844	73081	18	0.11208144585065147
977	Hassan	188844	73099	18	0.11208144585065147
978	Hosein	188844	73117	18	0.11208144585065147
979	Tarik	188844	73135	18	0.11208144585065147
980	Bari	188844	73153	18	0.11208144585065147
981	Turkmans	188844	73171	18	0.11208144585065147
982	Mamalukes	188844	73189	18	0.11208144585065147
983	Boursa	188844	73207	18	0.11208144585065147
984	Scanderbeg	188844	73225	18	0.11208144585065147
985	Balbinus	188844	73242	17	0.10585469885894862
986	Germanic	188844	73259	17	0.10585469885894862
987	Pollio	188844	73276	17	0.10585469885894862
988	America	188844	73293	17	0.10585469885894862
989	Agricola	188844	73310	17	0.10585469885894862
990	Iberia	188844	73327	17	0.10585469885894862
991	Macedonians	188844	73344	17	0.10585469885894862
992	Marc	188844	73361	17	0.10585469885894862
993	Narbonne	188844	73378	17	0.10585469885894862
994	Loire	188844	73395	17	0.10585469885894862
995	Thessaly	188844	73412	17	0.10585469885894862
996	Argos	188844	73429	17	0.10585469885894862
997	Lydia	188844	73446	17	0.10585469885894862
998	Shaw	188844	73463	17	0.10585469885894862
999	Napoli	188844	73480	17	0.10585469885894862
1000	Ptolemies	188844	73497	17	0.10585469885894862
1001	Tarentum	188844	73514	17	0.10585469885894862
1002	Fasti	188844	73531	17	0.10585469885894862
1003	Romæ	188844	73548	17	0.10585469885894862
1004	Lucan	188844	73565	17	0.10585469885894862
1005	Denmark	188844	73582	17	0.10585469885894862
1006	Romano	188844	73599	17	0.10585469885894862
1007	Phrygian	188844	73616	17	0.10585469885894862
1008	Julia	188844	73633	17	0.10585469885894862
1009	Cyzicus	188844	73650	17	0.10585469885894862
1010	Siberia	188844	73667	17	0.10585469885894862
1011	Anabasis	188844	73684	17	0.10585469885894862
1012	Abulghazi	188844	73701	17	0.10585469885894862
1013	Tuscan	188844	73718	17	0.10585469885894862
1014	Eginhard	188844	73735	17	0.10585469885894862
1015	Gregor	188844	73752	17	0.10585469885894862
1016	Demosthenes	188844	73769	17	0.10585469885894862
1017	Saturninus	188844	73786	17	0.10585469885894862
1018	Naissus	188844	73803	17	0.10585469885894862
1019	Burgundian	188844	73820	17	0.10585469885894862
1020	Christianisme	188844	73837	17	0.10585469885894862
1021	Hon	188844	73854	17	0.10585469885894862
1022	Tauris	188844	73871	17	0.10585469885894862
1023	Jeffrey	188844	73888	17	0.10585469885894862
1024	Turin	188844	73905	17	0.10585469885894862
1025	Memphis	188844	73922	17	0.10585469885894862
1026	Manicheisme	188844	73939	17	0.10585469885894862
1027	Gnostic	188844	73956	17	0.10585469885894862
1028	Imp	188844	73973	17	0.10585469885894862
1029	Grot	188844	73990	17	0.10585469885894862
1030	Jovinus	188844	74007	17	0.10585469885894862
1031	Hippo	188844	74024	17	0.10585469885894862
1032	Hunneric	188844	74041	17	0.10585469885894862
1033	Orleans	188844	74058	17	0.10585469885894862
1034	Langobard	188844	74075	17	0.10585469885894862
1035	St_Angelo	188844	74092	17	0.10585469885894862
1036	Ludewig	188844	74109	17	0.10585469885894862
1037	Pisidia	188844	74126	17	0.10585469885894862
1038	Bedoweens	188844	74143	17	0.10585469885894862
1039	Beneventum	188844	74160	17	0.10585469885894862
1040	Chorasan	188844	74177	17	0.10585469885894862
1041	Transoxiana	188844	74194	17	0.10585469885894862
1042	Iconoclasts	188844	74211	17	0.10585469885894862
1043	Jannabi	188844	74228	17	0.10585469885894862
1044	Obeidah	188844	74245	17	0.10585469885894862
1045	Seljukian	188844	74262	17	0.10585469885894862
1046	Dodwell	188844	74278	16	0.09962795186724575
1047	Caledonia	188844	74294	16	0.09962795186724575
1048	Claud	188844	74310	16	0.09962795186724575
1049	Batavians	188844	74326	16	0.09962795186724575
1050	Quadi	188844	74342	16	0.09962795186724575
1051	Marcomanni	188844	74358	16	0.09962795186724575
1052	Gallicia	188844	74374	16	0.09962795186724575
1053	Ionian	188844	74390	16	0.09962795186724575
1054	Shaw’s	188844	74406	16	0.09962795186724575
1055	Delhi	188844	74422	16	0.09962795186724575
1056	Capitoline	188844	74438	16	0.09962795186724575
1057	Armorica	188844	74454	16	0.09962795186724575
1058	Celsus	188844	74470	16	0.09962795186724575
1059	Vistula	188844	74486	16	0.09962795186724575
1060	Christiana	188844	74502	16	0.09962795186724575
1061	Meuse	188844	74518	16	0.09962795186724575
1062	Diaconus	188844	74534	16	0.09962795186724575
1063	Sarmatia	188844	74550	16	0.09962795186724575
1064	Marinus	188844	74566	16	0.09962795186724575
1065	Remusat	188844	74582	16	0.09962795186724575
1066	November	188844	74598	16	0.09962795186724575
1067	Venetia	188844	74614	16	0.09962795186724575
1068	Lardner	188844	74630	16	0.09962795186724575
1069	Pontius	188844	74646	16	0.09962795186724575
1070	Selden	188844	74662	16	0.09962795186724575
1071	Longuerue	188844	74678	16	0.09962795186724575
1072	Mabillon	188844	74694	16	0.09962795186724575
1073	Marmol	188844	74710	16	0.09962795186724575
1074	Gyllius	188844	74726	16	0.09962795186724575
1075	Civitat	188844	74742	16	0.09962795186724575
1076	Sarus	188844	74758	16	0.09962795186724575
1077	Corippus	188844	74774	16	0.09962795186724575
1078	Malchus	188844	74790	16	0.09962795186724575
1079	Soissons	188844	74806	16	0.09962795186724575
1080	Olympic	188844	74822	16	0.09962795186724575
1081	Russie	188844	74838	16	0.09962795186724575
1082	Ulphilas	188844	74854	16	0.09962795186724575
1083	Manichaean	188844	74870	16	0.09962795186724575
1084	Arbogastes	188844	74886	16	0.09962795186724575
1085	Assemanni	188844	74902	16	0.09962795186724575
1086	Aspar	188844	74918	16	0.09962795186724575
1087	Gundobald	188844	74934	16	0.09962795186724575
1088	Vertot	188844	74950	16	0.09962795186724575
1089	Monophysites	188844	74966	16	0.09962795186724575
1090	Abulfed	188844	74982	16	0.09962795186724575
1091	Bessarion	188844	74998	16	0.09962795186724575
1092	Maronites	188844	75013	15	0.09340120487554289
1093	Diogenes	188844	75028	15	0.09340120487554289
1094	Thucydides	188844	75043	15	0.09340120487554289
1095	Ancyra	188844	75058	15	0.09340120487554289
1096	Paterculus	188844	75073	15	0.09340120487554289
1097	Caledonians	188844	75088	15	0.09340120487554289
1098	Sextus	188844	75103	15	0.09340120487554289
1099	Romaine	188844	75118	15	0.09340120487554289
1100	Lorraine	188844	75133	15	0.09340120487554289
1101	Malte	188844	75148	15	0.09340120487554289
1102	Dr	188844	75163	15	0.09340120487554289
1103	Hume	188844	75178	15	0.09340120487554289
1104	Caius	188844	75193	15	0.09340120487554289
1105	Pantheon	188844	75208	15	0.09340120487554289
1106	Boulogne	188844	75223	15	0.09340120487554289
1107	Dom	188844	75238	15	0.09340120487554289
1108	Indians	188844	75253	15	0.09340120487554289
1109	Medes	188844	75268	15	0.09340120487554289
1110	Dexippus	188844	75283	15	0.09340120487554289
1111	Apollonius	188844	75298	15	0.09340120487554289
1112	Croix	188844	75313	15	0.09340120487554289
1113	Araxes	188844	75328	15	0.09340120487554289
1114	Philippopolis	188844	75343	15	0.09340120487554289
1115	Banduri	188844	75358	15	0.09340120487554289
1116	Jovius	188844	75373	15	0.09340120487554289
1117	Lactant	188844	75388	15	0.09340120487554289
1118	Dalmatius	188844	75403	15	0.09340120487554289
1119	Nazarenes	188844	75418	15	0.09340120487554289
1120	Hist_Ecclesiast	188844	75433	15	0.09340120487554289
1121	Divin	188844	75448	15	0.09340120487554289
1122	Deo	188844	75463	15	0.09340120487554289
1123	Daphne	188844	75478	15	0.09340120487554289
1124	Daniel	188844	75493	15	0.09340120487554289
1125	Sergius	188844	75508	15	0.09340120487554289
1126	Ancona	188844	75523	15	0.09340120487554289
1127	Optatus	188844	75538	15	0.09340120487554289
1128	Leunclavius	188844	75553	15	0.09340120487554289
1129	Mosul	188844	75568	15	0.09340120487554289
1130	Indes	188844	75583	15	0.09340120487554289
1131	Leontius	188844	75598	15	0.09340120487554289
1132	Marsham	188844	75613	15	0.09340120487554289
1133	Liberius	188844	75628	15	0.09340120487554289
1134	Proclus	188844	75643	15	0.09340120487554289
1135	St_George	188844	75658	15	0.09340120487554289
1136	Otter	188844	75673	15	0.09340120487554289
1137	Ramusio	188844	75688	15	0.09340120487554289
1138	Assemannus	188844	75703	15	0.09340120487554289
1139	Zoe	188844	75718	15	0.09340120487554289
1140	Gaillard	188844	75733	15	0.09340120487554289
1141	Harun	188844	75748	15	0.09340120487554289
1142	Sade	188844	75763	15	0.09340120487554289
1143	Casiri	188844	75778	15	0.09340120487554289
1144	Hashem	188844	75793	15	0.09340120487554289
1145	St_Louis	188844	75808	15	0.09340120487554289
1146	Barbarossa	188844	75823	15	0.09340120487554289
1147	Barlaam	188844	75838	15	0.09340120487554289
1148	Pétrarque	188844	75853	15	0.09340120487554289
1149	Ladislaus	188844	75868	15	0.09340120487554289
1150	Lampridius	188844	75882	14	0.08717445788384004
1151	Natur	188844	75896	14	0.08717445788384004
1152	Velleius	188844	75910	14	0.08717445788384004
1153	Irish	188844	75924	14	0.08717445788384004
1154	Albania	188844	75938	14	0.08717445788384004
1155	Freret	188844	75952	14	0.08717445788384004
1156	Vegetius	188844	75966	14	0.08717445788384004
1157	Varro	188844	75980	14	0.08717445788384004
1158	Servia	188844	75994	14	0.08717445788384004
1159	Agrippa	188844	76008	14	0.08717445788384004
1160	Mr	188844	76022	14	0.08717445788384004
1161	Libya	188844	76036	14	0.08717445788384004
1162	Olympus	188844	76050	14	0.08717445788384004
1163	Antiquit	188844	76064	14	0.08717445788384004
1164	Meursius	188844	76078	14	0.08717445788384004
1165	Padua	188844	76092	14	0.08717445788384004
1166	Mithridates	188844	76106	14	0.08717445788384004
1167	Photium	188844	76120	14	0.08717445788384004
1168	Sylla	188844	76134	14	0.08717445788384004
1169	Timur	188844	76148	14	0.08717445788384004
1170	Malabar	188844	76162	14	0.08717445788384004
1171	Galen	188844	76176	14	0.08717445788384004
1172	Hadriatic	188844	76190	14	0.08717445788384004
1173	Mamæa	188844	76204	14	0.08717445788384004
1174	Prideaux	188844	76218	14	0.08717445788384004
1175	Schlozer	188844	76232	14	0.08717445788384004
1176	Origine	188844	76246	14	0.08717445788384004
1177	Hercynian	188844	76260	14	0.08717445788384004
1178	Jerome	188844	76274	14	0.08717445788384004
1179	St_Ambrose	188844	76288	14	0.08717445788384004
1180	Swabia	188844	76302	14	0.08717445788384004
1181	Rer	188844	76316	14	0.08717445788384004
1182	Jaxartes	188844	76330	14	0.08717445788384004
1183	Tigre	188844	76344	14	0.08717445788384004
1184	Ignatius	188844	76358	14	0.08717445788384004
1185	Satir	188844	76372	14	0.08717445788384004
1186	Wetstein	188844	76386	14	0.08717445788384004
1187	Damasus	188844	76400	14	0.08717445788384004
1188	Codinus	188844	76414	14	0.08717445788384004
1189	Sylvanus	188844	76428	14	0.08717445788384004
1190	Orontes	188844	76442	14	0.08717445788384004
1191	Sixtus	188844	76456	14	0.08717445788384004
1192	Macedonius	188844	76470	14	0.08717445788384004
1193	Picts	188844	76484	14	0.08717445788384004
1194	Herodot	188844	76498	14	0.08717445788384004
1195	Schultens	188844	76512	14	0.08717445788384004
1196	Irak	188844	76526	14	0.08717445788384004
1197	Carizme	188844	76540	14	0.08717445788384004
1198	St_Stephen	188844	76554	14	0.08717445788384004
1199	Honoria	188844	76568	14	0.08717445788384004
1200	Vigilius	188844	76582	14	0.08717445788384004
1201	Basiliscus	188844	76596	14	0.08717445788384004
1202	Sigismond	188844	76610	14	0.08717445788384004
1203	Theodemir	188844	76624	14	0.08717445788384004
1204	Liberatus	188844	76638	14	0.08717445788384004
1205	Ismael	188844	76652	14	0.08717445788384004
1206	Zara	188844	76666	14	0.08717445788384004
1207	St_Marc	188844	76680	14	0.08717445788384004
1208	Gunther	188844	76694	14	0.08717445788384004
1209	Moham	188844	76708	14	0.08717445788384004
1210	Sophian	188844	76722	14	0.08717445788384004
1211	Alexias	188844	76736	14	0.08717445788384004
1212	Martel	188844	76749	13	0.08094771089213718
1213	MSS	188844	76762	13	0.08094771089213718
1214	Camden	188844	76775	13	0.08094771089213718
1215	Teyss	188844	76788	13	0.08094771089213718
1216	Jud	188844	76801	13	0.08094771089213718
1217	Belgic	188844	76814	13	0.08094771089213718
1218	Istria	188844	76827	13	0.08094771089213718
1219	Austria	188844	76840	13	0.08094771089213718
1220	Mingrelia	188844	76853	13	0.08094771089213718
1221	Palestin	188844	76866	13	0.08094771089213718
1222	Brun	188844	76879	13	0.08094771089213718
1223	Tunis	188844	76892	13	0.08094771089213718
1224	Corsica	188844	76905	13	0.08094771089213718
1225	Epicurus	188844	76918	13	0.08094771089213718
1226	Valerius	188844	76931	13	0.08094771089213718
1227	Latium	188844	76944	13	0.08094771089213718
1228	Delphi	188844	76957	13	0.08094771089213718
1229	Prussia	188844	76970	13	0.08094771089213718
1230	Epitom	188844	76983	13	0.08094771089213718
1231	Thesaur	188844	76996	13	0.08094771089213718
1232	Italiæ	188844	77009	13	0.08094771089213718
1233	Arsacides	188844	77022	13	0.08094771089213718
1234	Jones	188844	77035	13	0.08094771089213718
1235	Magian	188844	77048	13	0.08094771089213718
1236	Ecbatana	188844	77061	13	0.08094771089213718
1237	Bayer	188844	77074	13	0.08094771089213718
1238	Cosmas	188844	77087	13	0.08094771089213718
1239	Saxony	188844	77100	13	0.08094771089213718
1240	Cluverius	188844	77113	13	0.08094771089213718
1241	Mariana	188844	77126	13	0.08094771089213718
1242	St_Peter’s	188844	77139	13	0.08094771089213718
1243	Isauria	188844	77152	13	0.08094771089213718
1244	Diodor	188844	77165	13	0.08094771089213718
1245	Placentia	188844	77178	13	0.08094771089213718
1246	Mentz	188844	77191	13	0.08094771089213718
1247	Numerian	188844	77204	13	0.08094771089213718
1248	Lugd	188844	77217	13	0.08094771089213718
1249	Carausius	188844	77230	13	0.08094771089213718
1250	Pythagoras	188844	77243	13	0.08094771089213718
1251	Fausta	188844	77256	13	0.08094771089213718
1252	Paolo	188844	77269	13	0.08094771089213718
1253	Fra	188844	77282	13	0.08094771089213718
1254	Chine	188844	77295	13	0.08094771089213718
1255	Philostorg	188844	77308	13	0.08094771089213718
1256	Vetranio	188844	77321	13	0.08094771089213718
1257	Heliopolis	188844	77334	13	0.08094771089213718
1258	Eustathius	188844	77347	13	0.08094771089213718
1259	Moselle	188844	77360	13	0.08094771089213718
1260	Med	188844	77373	13	0.08094771089213718
1261	Theolog	188844	77386	13	0.08094771089213718
1262	Gelasius	188844	77399	13	0.08094771089213718
1263	Homerites	188844	77412	13	0.08094771089213718
1264	Gallican	188844	77425	13	0.08094771089213718
1265	Vitensis	188844	77438	13	0.08094771089213718
1266	Brucker	188844	77451	13	0.08094771089213718
1267	Chartres	188844	77464	13	0.08094771089213718
1268	Avit	188844	77477	13	0.08094771089213718
1269	Hermanric	188844	77490	13	0.08094771089213718
1270	Athanaric	188844	77503	13	0.08094771089213718
1271	Kipzak	188844	77516	13	0.08094771089213718
1272	Modena	188844	77529	13	0.08094771089213718
1273	Descript	188844	77542	13	0.08094771089213718
1274	Salvian	188844	77555	13	0.08094771089213718
1275	Bavarians	188844	77568	13	0.08094771089213718
1276	Abyssinian	188844	77581	13	0.08094771089213718
1277	Benjamin	188844	77594	13	0.08094771089213718
1278	Aeneid	188844	77607	13	0.08094771089213718
1279	Thibet	188844	77620	13	0.08094771089213718
1280	Ganges	188844	77633	13	0.08094771089213718
1281	Abrahah	188844	77646	13	0.08094771089213718
1282	Schlosser	188844	77659	13	0.08094771089213718
1283	Bryennius	188844	77672	13	0.08094771089213718
1284	Abrege	188844	77685	13	0.08094771089213718
1285	Ebn	188844	77698	13	0.08094771089213718
1286	Islam	188844	77711	13	0.08094771089213718
1287	Novairi	188844	77724	13	0.08094771089213718
1288	Ibrahim	188844	77737	13	0.08094771089213718
1289	Zobeir	188844	77750	13	0.08094771089213718
1290	Fatimite	188844	77763	13	0.08094771089213718
1291	Muratori’s	188844	77776	13	0.08094771089213718
1292	Varangians	188844	77789	13	0.08094771089213718
1293	Roum	188844	77802	13	0.08094771089213718
1294	Hakem	188844	77815	13	0.08094771089213718
1295	Jaffa	188844	77828	13	0.08094771089213718
1296	Hist_Ecclés	188844	77841	13	0.08094771089213718
1297	Mourzoufle	188844	77854	13	0.08094771089213718
1298	Chrysoloras	188844	77867	13	0.08094771089213718
1299	Julianus	188844	77879	12	0.07472096390043431
1300	Olybrius	188844	77891	12	0.07472096390043431
1301	Mela	188844	77903	12	0.07472096390043431
1302	Romanum	188844	77915	12	0.07472096390043431
1303	Berlin	188844	77927	12	0.07472096390043431
1304	Beaufort	188844	77939	12	0.07472096390043431
1305	Republique	188844	77951	12	0.07472096390043431
1306	Languedoc	188844	77963	12	0.07472096390043431
1307	Gaule	188844	77975	12	0.07472096390043431
1308	Florus	188844	77987	12	0.07472096390043431
1309	Candia	188844	77999	12	0.07472096390043431
1310	Romain	188844	78011	12	0.07472096390043431
1311	Gruter	188844	78023	12	0.07472096390043431
1312	Atticus	188844	78035	12	0.07472096390043431
1313	Noodt	188844	78047	12	0.07472096390043431
1314	Fragm	188844	78059	12	0.07472096390043431
1315	Cleander	188844	78071	12	0.07472096390043431
1316	February	188844	78083	12	0.07472096390043431
1317	Heyne	188844	78095	12	0.07472096390043431
1318	Spaniard	188844	78107	12	0.07472096390043431
1319	Quintus	188844	78119	12	0.07472096390043431
1320	Xerxes	188844	78131	12	0.07472096390043431
1321	Danish	188844	78143	12	0.07472096390043431
1322	Sadder	188844	78155	12	0.07472096390043431
1323	Persarum	188844	78167	12	0.07472096390043431
1324	Kobad	188844	78179	12	0.07472096390043431
1325	Carpathian	188844	78191	12	0.07472096390043431
1326	Albanians	188844	78203	12	0.07472096390043431
1327	Chersonesus	188844	78215	12	0.07472096390043431
1328	Valeria	188844	78227	12	0.07472096390043431
1329	Romanis	188844	78239	12	0.07472096390043431
1330	Alexandrin	188844	78251	12	0.07472096390043431
1331	Persecut	188844	78263	12	0.07472096390043431
1332	Petav	188844	78275	12	0.07472096390043431
1333	Salona	188844	78287	12	0.07472096390043431
1334	Constantia	188844	78299	12	0.07472096390043431
1335	Brescia	188844	78311	12	0.07472096390043431
1336	Diarium	188844	78323	12	0.07472096390043431
1337	Assyrian	188844	78335	12	0.07472096390043431
1338	Gentile	188844	78347	12	0.07472096390043431
1339	Ebionites	188844	78359	12	0.07472096390043431
1340	Marcionites	188844	78371	12	0.07472096390043431
1341	Tiberias	188844	78383	12	0.07472096390043431
1342	Apocalypse	188844	78395	12	0.07472096390043431
1343	Sulp	188844	78407	12	0.07472096390043431
1344	Theophrastus	188844	78419	12	0.07472096390043431
1345	Galilaeans	188844	78431	12	0.07472096390043431
1346	St_Cyprian	188844	78443	12	0.07472096390043431
1347	Samosata	188844	78455	12	0.07472096390043431
1348	Mustapha	188844	78467	12	0.07472096390043431
1349	Francis	188844	78479	12	0.07472096390043431
1350	Benedictines	188844	78491	12	0.07472096390043431
1351	Frenchman	188844	78503	12	0.07472096390043431
1352	Minerva	188844	78515	12	0.07472096390043431
1353	Philosoph	188844	78527	12	0.07472096390043431
1354	Hilary	188844	78539	12	0.07472096390043431
1355	Lupicinus	188844	78551	12	0.07472096390043431
1356	JulianÕs	188844	78563	12	0.07472096390043431
1357	Mahon	188844	78575	12	0.07472096390043431
1358	Apamea	188844	78587	12	0.07472096390043431
1359	Brev	188844	78599	12	0.07472096390043431
1360	Basilius	188844	78611	12	0.07472096390043431
1361	Amali	188844	78623	12	0.07472096390043431
1362	Gengiscan	188844	78635	12	0.07472096390043431
1363	Turk	188844	78647	12	0.07472096390043431
1364	Serena	188844	78659	12	0.07472096390043431
1365	Messina	188844	78671	12	0.07472096390043431
1366	Tribigild	188844	78683	12	0.07472096390043431
1367	Simeon	188844	78695	12	0.07472096390043431
1368	Anglorum	188844	78707	12	0.07472096390043431
1369	Boulainvilliers	188844	78719	12	0.07472096390043431
1370	Anjou	188844	78731	12	0.07472096390043431
1371	Malmsbury	188844	78743	12	0.07472096390043431
1372	Hody	188844	78755	12	0.07472096390043431
1373	Bochara	188844	78767	12	0.07472096390043431
1374	Lazi	188844	78779	12	0.07472096390043431
1375	Rosamond	188844	78791	12	0.07472096390043431
1376	Autharis	188844	78803	12	0.07472096390043431
1377	Martina	188844	78815	12	0.07472096390043431
1378	Comneni	188844	78827	12	0.07472096390043431
1379	Corfu	188844	78839	12	0.07472096390043431
1380	Lenfant	188844	78851	12	0.07472096390043431
1381	Bassora	188844	78863	12	0.07472096390043431
1382	Almamon	188844	78875	12	0.07472096390043431
1383	Falcandus	188844	78887	12	0.07472096390043431
1384	Sylvius	188844	78899	12	0.07472096390043431
1385	Togrul	188844	78911	12	0.07472096390043431
1386	Reginald	188844	78923	12	0.07472096390043431
1387	Comans	188844	78935	12	0.07472096390043431
1388	Brienne	188844	78947	12	0.07472096390043431
1389	Courtenays	188844	78959	12	0.07472096390043431
1390	Boccace	188844	78971	12	0.07472096390043431
1391	Copts	188844	78982	11	0.06849421690873146
1392	Wenck	188844	78993	11	0.06849421690873146
1393	Brosset	188844	79004	11	0.06849421690873146
1394	Nerva	188844	79015	11	0.06849421690873146
1395	Nubian	188844	79026	11	0.06849421690873146
1396	Britannia	188844	79037	11	0.06849421690873146
1397	Niester	188844	79048	11	0.06849421690873146
1398	Georgic	188844	79059	11	0.06849421690873146
1399	Lusitania	188844	79070	11	0.06849421690873146
1400	Portugal	188844	79081	11	0.06849421690873146
1401	Leon	188844	79092	11	0.06849421690873146
1402	Moldavia	188844	79103	11	0.06849421690873146
1403	Mons	188844	79114	11	0.06849421690873146
1404	Gibraltar	188844	79125	11	0.06849421690873146
1405	Mercury	188844	79136	11	0.06849421690873146
1406	Saturnalia	188844	79147	11	0.06849421690873146
1407	Tusculum	188844	79158	11	0.06849421690873146
1408	Monarchie	188844	79169	11	0.06849421690873146
1409	Francoise	188844	79180	11	0.06849421690873146
1410	Ecclesiastique	188844	79191	11	0.06849421690873146
1411	Lucullus	188844	79202	11	0.06849421690873146
1412	Zumpt	188844	79213	11	0.06849421690873146
1413	Norway	188844	79224	11	0.06849421690873146
1414	Prusa	188844	79235	11	0.06849421690873146
1415	Langres	188844	79246	11	0.06849421690873146
1416	Bec	188844	79257	11	0.06849421690873146
1417	Piso	188844	79268	11	0.06849421690873146
1418	Faustina	188844	79279	11	0.06849421690873146
1419	Tully	188844	79290	11	0.06849421690873146
1420	Solon	188844	79301	11	0.06849421690873146
1421	Hist_Aug	188844	79312	11	0.06849421690873146
1422	Augusta	188844	79323	11	0.06849421690873146
1423	Mr_Hume	188844	79334	11	0.06849421690873146
1424	Sever	188844	79345	11	0.06849421690873146
1425	Cæsarea	188844	79356	11	0.06849421690873146
1426	Eckhel	188844	79367	11	0.06849421690873146
1427	Tyana	188844	79378	11	0.06849421690873146
1428	Græc	188844	79389	11	0.06849421690873146
1429	Assyrians	188844	79400	11	0.06849421690873146
1430	Sassan	188844	79411	11	0.06849421690873146
1431	Anquetil	188844	79422	11	0.06849421690873146
1432	Relig	188844	79433	11	0.06849421690873146
1433	Pers	188844	79444	11	0.06849421690873146
1434	Ahriman	188844	79455	11	0.06849421690873146
1435	Tarikh	188844	79466	11	0.06849421690873146
1436	Brunswick	188844	79477	11	0.06849421690873146
1437	Camillo	188844	79488	11	0.06849421690873146
1438	Mably	188844	79499	11	0.06849421690873146
1439	Nazarius	188844	79510	11	0.06849421690873146
1440	Patricius	188844	79521	11	0.06849421690873146
1441	Excerpta	188844	79532	11	0.06849421690873146
1442	Vandalic	188844	79543	11	0.06849421690873146
1443	Posthumus	188844	79554	11	0.06849421690873146
1444	Amm	188844	79565	11	0.06849421690873146
1445	Athos	188844	79576	11	0.06849421690873146
1446	Sibylline	188844	79587	11	0.06849421690873146
1447	Tartares	188844	79598	11	0.06849421690873146
1448	Fontenelle	188844	79609	11	0.06849421690873146
1449	Glossar	188844	79620	11	0.06849421690873146
1450	Singara	188844	79631	11	0.06849421690873146
1451	Anastasia	188844	79642	11	0.06849421690873146
1452	Scutari	188844	79653	11	0.06849421690873146
1453	Jehovah	188844	79664	11	0.06849421690873146
1454	Geneva	188844	79675	11	0.06849421690873146
1455	Philadelphia	188844	79686	11	0.06849421690873146
1456	Irenaeus	188844	79697	11	0.06849421690873146
1457	EcclŽsiastiques	188844	79708	11	0.06849421690873146
1458	Cappadocian	188844	79719	11	0.06849421690873146
1459	Christiani	188844	79730	11	0.06849421690873146
1460	Donatist	188844	79741	11	0.06849421690873146
1461	Lucas	188844	79752	11	0.06849421690873146
1462	Bibliothec	188844	79763	11	0.06849421690873146
1463	Prolegom	188844	79774	11	0.06849421690873146
1464	Hannibalianus	188844	79785	11	0.06849421690873146
1465	Maesia	188844	79796	11	0.06849421690873146
1466	Athen	188844	79807	11	0.06849421690873146
1467	Constantina	188844	79818	11	0.06849421690873146
1468	Chardon	188844	79829	11	0.06849421690873146
1469	Osius	188844	79840	11	0.06849421690873146
1470	Gerard	188844	79851	11	0.06849421690873146
1471	Haemus	188844	79862	11	0.06849421690873146
1472	Byzantin	188844	79873	11	0.06849421690873146
1473	Nestor	188844	79884	11	0.06849421690873146
1474	Ambros	188844	79895	11	0.06849421690873146
1475	Ascalon	188844	79906	11	0.06849421690873146
1476	Athanasian	188844	79917	11	0.06849421690873146
1477	Magians	188844	79928	11	0.06849421690873146
1478	Maeotis	188844	79939	11	0.06849421690873146
1479	Welsh	188844	79950	11	0.06849421690873146
1480	Liguria	188844	79961	11	0.06849421690873146
1481	St_Denys	188844	79972	11	0.06849421690873146
1482	Beugnot	188844	79983	11	0.06849421690873146
1483	St_Thomas	188844	79994	11	0.06849421690873146
1484	Heraclian	188844	80005	11	0.06849421690873146
1485	Florentine	188844	80016	11	0.06849421690873146
1486	Rhegium	188844	80027	11	0.06849421690873146
1487	Torismond	188844	80038	11	0.06849421690873146
1488	Arabes	188844	80049	11	0.06849421690873146
1489	Wallia	188844	80060	11	0.06849421690873146
1490	Phoenicia	188844	80071	11	0.06849421690873146
1491	Oasis	188844	80082	11	0.06849421690873146
1492	Edecon	188844	80093	11	0.06849421690873146
1493	Gest	188844	80104	11	0.06849421690873146
1494	Lothaire	188844	80115	11	0.06849421690873146
1495	Tzetzes	188844	80126	11	0.06849421690873146
1496	Hobhouse	188844	80137	11	0.06849421690873146
1497	Petra	188844	80148	11	0.06849421690873146
1498	Ludolph	188844	80159	11	0.06849421690873146
1499	Schulting	188844	80170	11	0.06849421690873146
1500	Moscow	188844	80181	11	0.06849421690873146
1501	Vitriaco	188844	80192	11	0.06849421690873146
1502	Francos	188844	80203	11	0.06849421690873146
1503	Hottinger	188844	80214	11	0.06849421690873146
1504	Taleb	188844	80225	11	0.06849421690873146
1505	Ommiyah	188844	80236	11	0.06849421690873146
1506	Motassem	188844	80247	11	0.06849421690873146
1507	Bonfinius	188844	80258	11	0.06849421690873146
1508	Appulus	188844	80269	11	0.06849421690873146
1509	Bibliot_Græc	188844	80280	11	0.06849421690873146
1510	Palæologi	188844	80291	11	0.06849421690873146
1511	Zagatai	188844	80302	11	0.06849421690873146
1512	Timour’s	188844	80313	11	0.06849421690873146
1513	Mousa	188844	80324	11	0.06849421690873146
1514	Leonardus	188844	80335	11	0.06849421690873146
1515	Charact	188844	80345	10	0.0622674699170286
1516	Balisarius	188844	80355	10	0.0622674699170286
1517	Spartianus	188844	80365	10	0.0622674699170286
1518	Capitolinus	188844	80375	10	0.0622674699170286
1519	Reimar	188844	80385	10	0.0622674699170286
1520	Arabum	188844	80395	10	0.0622674699170286
1521	Pliny’s	188844	80405	10	0.0622674699170286
1522	Xiphilin	188844	80415	10	0.0622674699170286
1523	Pausanias	188844	80425	10	0.0622674699170286
1524	Nouveaux	188844	80435	10	0.0622674699170286
1525	Rhætia	188844	80445	10	0.0622674699170286
1526	Provence	188844	80455	10	0.0622674699170286
1527	Grenada	188844	80465	10	0.0622674699170286
1528	Manchester	188844	80475	10	0.0622674699170286
1529	Hæmus	188844	80485	10	0.0622674699170286
1530	Achaia	188844	80495	10	0.0622674699170286
1531	Malta	188844	80505	10	0.0622674699170286
1532	Geogr	188844	80515	10	0.0622674699170286
1533	Isis	188844	80525	10	0.0622674699170286
1534	Camillus	188844	80535	10	0.0622674699170286
1535	Walther	188844	80545	10	0.0622674699170286
1536	Scipios	188844	80555	10	0.0622674699170286
1537	Bourdeaux	188844	80565	10	0.0622674699170286
1538	Narni	188844	80575	10	0.0622674699170286
1539	Longinus	188844	80585	10	0.0622674699170286
1540	Pallas	188844	80595	10	0.0622674699170286
1541	Julien	188844	80605	10	0.0622674699170286
1542	Hist_Naturelle	188844	80615	10	0.0622674699170286
1543	Bassianus	188844	80625	10	0.0622674699170286
1544	Alexandrians	188844	80635	10	0.0622674699170286
1545	Horat	188844	80645	10	0.0622674699170286
1546	Bosra	188844	80655	10	0.0622674699170286
1547	Sassanides	188844	80665	10	0.0622674699170286
1548	Kleuker	188844	80675	10	0.0622674699170286
1549	Hist_Armen	188844	80685	10	0.0622674699170286
1550	Noah	188844	80695	10	0.0622674699170286
1551	Upsal	188844	80705	10	0.0622674699170286
1552	Odin	188844	80715	10	0.0622674699170286
1553	Tasso	188844	80725	10	0.0622674699170286
1554	Prolegomena	188844	80735	10	0.0622674699170286
1555	Japan	188844	80745	10	0.0622674699170286
1556	Marcianopolis	188844	80755	10	0.0622674699170286
1557	Nicopolis	188844	80765	10	0.0622674699170286
1558	Pityus	188844	80775	10	0.0622674699170286
1559	Chalcis	188844	80785	10	0.0622674699170286
1560	Chalons	188844	80795	10	0.0622674699170286
1561	Moor	188844	80805	10	0.0622674699170286
1562	Bat	188844	80815	10	0.0622674699170286
1563	Festus	188844	80825	10	0.0622674699170286
1564	Susa	188844	80835	10	0.0622674699170286
1565	Margus	188844	80845	10	0.0622674699170286
1566	Kent	188844	80855	10	0.0622674699170286
1567	Troyes	188844	80865	10	0.0622674699170286
1568	Nubia	188844	80875	10	0.0622674699170286
1569	Edificiis	188844	80885	10	0.0622674699170286
1570	Baluze	188844	80895	10	0.0622674699170286
1571	Compend	188844	80905	10	0.0622674699170286
1572	Constantinus	188844	80915	10	0.0622674699170286
1573	Valentinians	188844	80925	10	0.0622674699170286
1574	Montanists	188844	80935	10	0.0622674699170286
1575	Jacob	188844	80945	10	0.0622674699170286
1576	Universelle	188844	80955	10	0.0622674699170286
1577	Christi	188844	80965	10	0.0622674699170286
1578	Don	188844	80975	10	0.0622674699170286
1579	Judas	188844	80985	10	0.0622674699170286
1580	Theodorus	188844	80995	10	0.0622674699170286
1581	Busbequius	188844	81005	10	0.0622674699170286
1582	Mallius	188844	81015	10	0.0622674699170286
1583	Variar	188844	81025	10	0.0622674699170286
1584	Florentius	188844	81035	10	0.0622674699170286
1585	Angelo	188844	81045	10	0.0622674699170286
1586	Rhaetian	188844	81055	10	0.0622674699170286
1587	St_Basil	188844	81065	10	0.0622674699170286
1588	Ahmed	188844	81075	10	0.0622674699170286
1589	Pietro	188844	81085	10	0.0622674699170286
1590	Valle	188844	81095	10	0.0622674699170286
1591	Notit	188844	81105	10	0.0622674699170286
1592	Calvary	188844	81115	10	0.0622674699170286
1593	Hist_Sacra	188844	81125	10	0.0622674699170286
1594	Asiatics	188844	81135	10	0.0622674699170286
1595	Op	188844	81145	10	0.0622674699170286
1596	Gassan	188844	81155	10	0.0622674699170286
1597	Thule	188844	81165	10	0.0622674699170286
1598	Palladius	188844	81175	10	0.0622674699170286
1599	Olearius	188844	81185	10	0.0622674699170286
1600	Bretagne	188844	81195	10	0.0622674699170286
1601	Stil	188844	81205	10	0.0622674699170286
1602	Pelusium	188844	81215	10	0.0622674699170286
1603	Mascezel	188844	81225	10	0.0622674699170286
1604	Pollentia	188844	81235	10	0.0622674699170286
1605	Alcoran	188844	81245	10	0.0622674699170286
1606	Abulpharag	188844	81255	10	0.0622674699170286
1607	Herat	188844	81265	10	0.0622674699170286
1608	Merovingians	188844	81275	10	0.0622674699170286
1609	Childeric	188844	81285	10	0.0622674699170286
1610	Diacon	188844	81295	10	0.0622674699170286
1611	Pontificalis	188844	81305	10	0.0622674699170286
1612	Arvandus	188844	81315	10	0.0622674699170286
1613	Pelagius	188844	81325	10	0.0622674699170286
1614	Labat	188844	81335	10	0.0622674699170286
1615	Coptic	188844	81345	10	0.0622674699170286
1616	Austrasia	188844	81355	10	0.0622674699170286
1617	Theodatus	188844	81365	10	0.0622674699170286
1618	Pont	188844	81375	10	0.0622674699170286
1619	Simocatta	188844	81385	10	0.0622674699170286
1620	Albanian	188844	81395	10	0.0622674699170286
1621	Cumae	188844	81405	10	0.0622674699170286
1622	Khondemir	188844	81415	10	0.0622674699170286
1623	Colchians	188844	81425	10	0.0622674699170286
1624	Lesbos	188844	81435	10	0.0622674699170286
1625	Gregorian	188844	81445	10	0.0622674699170286
1626	Baian	188844	81455	10	0.0622674699170286
1627	Dastagerd	188844	81465	10	0.0622674699170286
1628	Copronymus	188844	81475	10	0.0622674699170286
1629	Iconoclast	188844	81485	10	0.0622674699170286
1630	Theophano	188844	81495	10	0.0622674699170286
1631	Yezid	188844	81505	10	0.0622674699170286
1632	Cadijah	188844	81515	10	0.0622674699170286
1633	Yezdegerd	188844	81525	10	0.0622674699170286
1634	Novogorod	188844	81535	10	0.0622674699170286
1635	Dow	188844	81545	10	0.0622674699170286
1636	Ferishta	188844	81555	10	0.0622674699170286
1637	Croisades	188844	81565	10	0.0622674699170286
1638	Angora	188844	81575	10	0.0622674699170286
